633.61993,289.94
633.61993,311.78
633.61993,366.38
633.61993,388.22
662.7399,289.94
662.7399,311.78
662.7399,366.38
662.7399,388.22
691.8599,289.94
691.8599,311.78
691.8599,366.38
691.8599,388.22
720.9799,289.94
720.9799,311.78
720.9799,366.38
720.9799,388.22
750.0999,289.94
750.0999,311.78
750.0999,366.38
750.0999,388.22
779.2199,289.94
779.2199,311.78
779.2199,366.38
779.2199,388.22
808.3399,289.94
808.3399,311.78
808.3399,366.38
808.3399,388.22
837.4599,289.94
837.4599,311.78
837.4599,366.38
837.4599,388.22
866.5799,289.94
866.5799,311.78
866.5799,366.38
866.5799,388.22
895.6999,289.94
895.6999,311.78
895.6999,366.38
895.6999,388.22
924.8199,289.94
924.8199,311.78
924.8199,366.38
924.8199,388.22
953.9399,289.94
953.9399,311.78
953.9399,366.38
953.9399,388.22
983.0599,289.94
983.0599,311.78
983.0599,366.38
983.0599,388.22
1012.1799,289.94
1012.1799,311.78
1012.1799,366.38
1012.1799,388.22
1041.2999,289.94
1041.2999,311.78
1041.2999,366.38
1041.2999,388.22
1070.4199,289.94
1070.4199,311.78
1070.4199,366.38
1070.4199,388.22
1099.5399,289.94
1099.5399,311.78
1099.5399,366.38
1099.5399,388.22
1128.6599,289.94
1128.6599,311.78
1128.6599,366.38
1128.6599,388.22
1157.7799,289.94
1157.7799,311.78
1157.7799,366.38
1157.7799,388.22
1186.8999,289.94
1186.8999,311.78
1186.8999,366.38
1186.8999,388.22
